|| VORAZ  -->  Recolection ||
==================================================================
VEHICLES      ZONES       ROUTE
Vehicle 1        8            0 6 3 21 10 4 21 0 
Vehicle 2        8            0 9 14 21 19 8 21 0 
Vehicle 3        8            0 11 16 22 2 20 22 0 
Vehicle 4        7            0 18 17 22 15 22 0 
Vehicle 5        7            0 5 1 21 7 21 0 
Vehicle 6        5            0 13 12 22 0 
==================================================================


|| VORAZ  -->  Transport ||
==================================================================
VEHICLES      ZONES       ROUTE
Vehicle 1        7            23 22 22 22 22 22 23 
Vehicle 2        8            23 21 21 21 21 21 21 23 
==================================================================


