|| VORAZ  -->  Recolection ||
==================================================================
VEHICLES      ZONES       ROUTE
Vehicle 1        7            0 6 13 22 4 22 0 
Vehicle 2        8            0 11 2 21 1 14 21 0 
Vehicle 3        8            0 8 7 21 16 19 21 0 
Vehicle 4        7            0 3 5 22 18 22 0 
Vehicle 5        8            0 12 10 21 20 15 21 0 
Vehicle 6        5            0 17 9 21 0 
==================================================================


|| VORAZ  -->  Transport ||
==================================================================
VEHICLES      ZONES       ROUTE
Vehicle 1        9            23 21 21 21 21 21 21 21 23 
Vehicle 2        6            23 22 22 22 22 23 
==================================================================


