|| VORAZ  -->  Recolection ||
==================================================================
VEHICLES      ZONES       ROUTE
Vehicle 1        7            0 11 19 22 14 22 0 
Vehicle 2        8            0 15 8 21 3 9 21 0 
Vehicle 3        8            0 1 20 21 13 17 22 0 
Vehicle 4        8            0 18 5 21 2 6 22 0 
Vehicle 5        7            0 10 12 22 4 22 0 
Vehicle 6        5            0 7 16 22 0 
==================================================================


|| VORAZ  -->  Transport ||
==================================================================
VEHICLES      ZONES       ROUTE
Vehicle 1        6            23 21 21 21 21 23 
Vehicle 2        9            23 22 22 22 22 22 22 22 23 
==================================================================


