|| VORAZ  -->  Recolection ||
==================================================================
VEHICLES      ZONES       ROUTE
Vehicle 1        8            0 10 6 22 16 18 22 0 
Vehicle 2        8            0 5 9 21 14 20 21 0 
Vehicle 3        7            0 15 8 21 11 21 0 
Vehicle 4        7            0 17 19 22 1 22 0 
Vehicle 5        7            0 3 2 21 7 22 0 
Vehicle 6        7            0 12 13 22 4 22 0 
==================================================================


|| VORAZ  -->  Transport ||
==================================================================
VEHICLES      ZONES       ROUTE
Vehicle 1        9            23 22 22 22 22 22 22 22 23 
Vehicle 2        7            23 21 21 21 21 21 23 
==================================================================


