|| VORAZ  -->  Recolection ||
==================================================================
VEHICLES      ZONES       ROUTE
Vehicle 1        8            0 11 1 22 5 8 22 0 
Vehicle 2        8            0 19 3 21 18 4 21 0 
Vehicle 3        7            0 16 9 22 6 22 0 
Vehicle 4        8            0 20 14 21 17 13 21 0 
Vehicle 5        8            0 2 7 21 15 12 22 0 
Vehicle 6        4            0 10 22 0 
==================================================================


|| VORAZ  -->  Transport ||
==================================================================
VEHICLES      ZONES       ROUTE
Vehicle 1        8            23 22 21 21 21 21 21 23 
Vehicle 2        7            23 22 22 22 22 22 23 
==================================================================


