|| VORAZ  -->  Recolection ||
==================================================================
VEHICLES      ZONES       ROUTE
Vehicle 1        7            0 12 3 22 9 22 0 
Vehicle 2        8            0 2 1 22 7 18 22 0 
Vehicle 3        7            0 14 13 22 11 21 0 
Vehicle 4        7            0 17 19 22 5 22 0 
Vehicle 5        8            0 20 4 21 15 6 21 0 
Vehicle 6        7            0 8 16 22 10 21 0 
==================================================================


|| VORAZ  -->  Transport ||
==================================================================
VEHICLES      ZONES       ROUTE
Vehicle 1        10            23 22 22 22 22 22 22 22 22 23 
Vehicle 2        6            23 21 21 21 21 23 
==================================================================


